   3.3749930e+03  -3.2100000e+02
   3.3750517e+03   4.2000000e+01
   3.3751103e+03   2.3500000e+02
   3.3751690e+03  -4.2000000e+01
   3.3752276e+03   2.9600000e+02
   3.3752863e+03   1.8000000e+02
   3.3753449e+03   3.1400000e+02
   3.3754036e+03   8.0000000e+00
   3.3754622e+03   1.9500000e+02
   3.3755209e+03   4.4200000e+02
   3.3755795e+03   1.7600000e+02
   3.3756382e+03   3.5200000e+02
   3.3756968e+03   1.2100000e+02
   3.3757555e+03   9.0000000e+01
   3.3758141e+03  -1.7800000e+02
   3.3758728e+03   1.5300000e+02
   3.3759314e+03  -1.9500000e+02
   3.3759901e+03  -1.1500000e+02
   3.3760487e+03  -4.2000000e+01
   3.3761074e+03  -5.0000000e+01
   3.3761660e+03   2.5100000e+02
   3.3762247e+03  -4.2300000e+02
   3.3762833e+03  -6.5000000e+01
   3.3763420e+03   4.4800000e+02
   3.3764006e+03   4.7600000e+02
   3.3764593e+03  -1.1000000e+01
   3.3765179e+03   3.6000000e+01
   3.3765766e+03   4.3000000e+02
   3.3766352e+03   2.4400000e+02
   3.3766939e+03   6.0000000e+01
   3.3767525e+03  -1.5000000e+02
   3.3768112e+03   2.7500000e+02
   3.3768698e+03  -7.5000000e+01
   3.3769285e+03   3.5000000e+02
   3.3769871e+03   9.3000000e+01
   3.3770458e+03  -2.7000000e+01
   3.3771044e+03  -5.6000000e+01
   3.3771631e+03  -8.9000000e+01
   3.3772217e+03  -1.4100000e+02
   3.3772804e+03   4.3400000e+02
   3.3773390e+03   1.0700000e+02
   3.3773977e+03  -3.6000000e+01
   3.3774563e+03  -2.0100000e+02
   3.3775150e+03  -2.1900000e+02
   3.3775736e+03  -1.5000000e+02
   3.3776323e+03   2.6000000e+01
   3.3776909e+03   2.1000000e+01
   3.3777496e+03  -8.2000000e+01
   3.3778082e+03   3.4300000e+02
   3.3778669e+03   3.6900000e+02
   3.3779256e+03   6.6000000e+01
   3.3779842e+03   5.0000000e+00
   3.3780429e+03  -2.7900000e+02
   3.3781015e+03  -4.2000000e+01
   3.3781602e+03  -2.6700000e+02
   3.3782188e+03  -2.3600000e+02
   3.3782775e+03   4.8900000e+02
   3.3783361e+03  -3.8000000e+02
   3.3783948e+03  -1.9600000e+02
   3.3784534e+03   6.8000000e+01
   3.3785121e+03   5.4000000e+01
   3.3785707e+03  -1.8500000e+02
   3.3786294e+03   1.4500000e+02
   3.3786880e+03   4.1000000e+01
   3.3787467e+03  -4.0000000e+01
   3.3788053e+03   1.8300000e+02
   3.3788640e+03   3.8400000e+02
   3.3789226e+03  -7.7000000e+01
   3.3789813e+03   1.0200000e+02
   3.3790399e+03   1.1000000e+01
   3.3790986e+03  -7.4000000e+01
   3.3791572e+03   0.0000000e+00
   3.3792159e+03  -5.2000000e+01
   3.3792745e+03   9.8000000e+01
   3.3793332e+03   2.3000000e+01
   3.3793918e+03  -3.3000000e+01
   3.3794505e+03   1.6200000e+02
   3.3795091e+03  -8.4000000e+01
   3.3795678e+03   4.2000000e+01
   3.3796264e+03  -3.2800000e+02
   3.3796851e+03  -2.0000000e+02
   3.3797437e+03   1.7700000e+02
   3.3798024e+03   6.1500000e+02
   3.3798610e+03   3.4600000e+02
   3.3799197e+03   2.5200000e+02
   3.3799783e+03   3.1100000e+02
   3.3800370e+03   3.3800000e+02
   3.3800956e+03  -2.8800000e+02
   3.3801543e+03   1.4000000e+02
   3.3802129e+03   1.8500000e+02
   3.3802716e+03   7.8000000e+01
   3.3803302e+03  -1.4300000e+02
   3.3803889e+03   1.4500000e+02
   3.3804475e+03   5.1500000e+02
   3.3805062e+03   2.6200000e+02
   3.3805648e+03   6.1000000e+01
   3.3806235e+03  -2.7900000e+02
   3.3806821e+03   6.0000000e+01
   3.3807408e+03   3.9900000e+02
   3.3807995e+03   3.2700000e+02
   3.3808581e+03  -3.2800000e+02
   3.3809168e+03   2.4600000e+02
   3.3809754e+03   1.1800000e+02
   3.3810341e+03   2.0100000e+02
   3.3810927e+03  -7.9100000e+02
   3.3811514e+03  -7.7000000e+01
   3.3812100e+03  -1.1000000e+02
   3.3812687e+03  -5.8000000e+01
   3.3813273e+03  -1.9800000e+02
   3.3813860e+03   0.0000000e+00
   3.3814446e+03   4.9900000e+02
   3.3815033e+03   6.8000000e+01
   3.3815619e+03   3.4100000e+02
   3.3816206e+03   4.5900000e+02
   3.3816792e+03   3.1900000e+02
   3.3817379e+03  -1.0200000e+02
   3.3817965e+03   5.2300000e+02
   3.3818552e+03   7.5000000e+01
   3.3819138e+03   3.6600000e+02
   3.3819725e+03  -3.0300000e+02
   3.3820311e+03   3.6600000e+02
   3.3820898e+03  -1.0000000e+02
   3.3821484e+03   4.6000000e+02
   3.3822071e+03   2.1200000e+02
   3.3822657e+03  -2.7700000e+02
   3.3823244e+03   3.8700000e+02
   3.3823830e+03   1.7800000e+02
   3.3824417e+03   1.0100000e+02
   3.3825003e+03   5.2400000e+02
   3.3825590e+03   3.1100000e+02
   3.3826176e+03   2.5600000e+02
   3.3826763e+03   3.6500000e+02
   3.3827349e+03  -1.2400000e+02
   3.3827936e+03   2.1200000e+02
   3.3828522e+03   3.1900000e+02
   3.3829109e+03   2.2500000e+02
   3.3829695e+03  -3.0000000e+01
   3.3830282e+03   3.0200000e+02
   3.3830868e+03   3.8500000e+02
   3.3831455e+03  -9.4000000e+01
   3.3832041e+03   1.5000000e+01
   3.3832628e+03   2.3300000e+02
   3.3833214e+03  -2.2900000e+02
   3.3833801e+03  -8.9000000e+01
   3.3834387e+03   2.2300000e+02
   3.3834974e+03   4.2800000e+02
   3.3835560e+03   5.5600000e+02
   3.3836147e+03   2.7300000e+02
   3.3836734e+03   7.1000000e+01
   3.3837320e+03   1.6400000e+02
   3.3837907e+03   1.4600000e+02
   3.3838493e+03  -2.0900000e+02
   3.3839080e+03   5.5500000e+02
   3.3839666e+03   3.8400000e+02
   3.3840253e+03   2.0800000e+02
   3.3840839e+03   2.7900000e+02
   3.3841426e+03   1.6300000e+02
   3.3842012e+03  -1.1700000e+02
   3.3842599e+03   2.2100000e+02
   3.3843185e+03   1.5900000e+02
   3.3843772e+03  -1.9300000e+02
   3.3844358e+03  -2.2700000e+02
   3.3844945e+03  -3.1600000e+02
   3.3845531e+03  -1.0500000e+02
   3.3846118e+03   2.5600000e+02
   3.3846704e+03   4.2900000e+02
   3.3847291e+03   4.3300000e+02
   3.3847877e+03   1.8500000e+02
   3.3848464e+03   2.9000000e+02
   3.3849050e+03   6.5000000e+01
   3.3849637e+03   1.6000000e+01
   3.3850223e+03  -1.0300000e+02
   3.3850810e+03   4.5000000e+01
   3.3851396e+03   4.7600000e+02
   3.3851983e+03   3.8800000e+02
   3.3852569e+03  -1.1600000e+02
   3.3853156e+03   2.8300000e+02
   3.3853742e+03   5.8000000e+01
   3.3854329e+03  -1.1500000e+02
   3.3854915e+03   1.7500000e+02
   3.3855502e+03  -1.5200000e+02
   3.3856088e+03   2.4100000e+02
   3.3856675e+03   3.4100000e+02
   3.3857261e+03   6.8600000e+02
   3.3857848e+03   7.7000000e+01
   3.3858434e+03   5.1600000e+02
   3.3859021e+03   7.8000000e+01
   3.3859607e+03  -2.4500000e+02
   3.3860194e+03  -1.6000000e+02
   3.3860780e+03   1.7900000e+02
   3.3861367e+03   4.2800000e+02
   3.3861953e+03   6.1900000e+02
   3.3862540e+03   2.0000000e+02
   3.3863126e+03   1.3800000e+02
   3.3863713e+03   2.5300000e+02
   3.3864300e+03   3.7700000e+02
   3.3864886e+03   6.4000000e+01
   3.3865473e+03   2.0500000e+02
   3.3866059e+03  -6.0000000e+00
   3.3866646e+03   2.2300000e+02
   3.3867232e+03   3.1900000e+02
   3.3867819e+03  -1.2100000e+02
   3.3868405e+03   4.5200000e+02
   3.3868992e+03  -3.2000000e+01
   3.3869578e+03   3.3000000e+02
   3.3870165e+03   5.8200000e+02
   3.3870751e+03  -2.1700000e+02
   3.3871338e+03   3.1400000e+02
   3.3871924e+03  -1.7900000e+02
   3.3872511e+03  -3.8000000e+01
   3.3873097e+03   2.5000000e+01
   3.3873684e+03  -3.4300000e+02
   3.3874270e+03   7.0000000e+01
   3.3874857e+03   2.6500000e+02
   3.3875443e+03   8.9000000e+01
   3.3876030e+03   7.1500000e+02
   3.3876616e+03   3.7400000e+02
   3.3877203e+03   3.4000000e+01
   3.3877789e+03   2.0300000e+02
   3.3878376e+03   3.4000000e+01
   3.3878962e+03  -2.4800000e+02
   3.3879549e+03  -2.0400000e+02
   3.3880135e+03   2.0900000e+02
   3.3880722e+03   6.9600000e+02
   3.3881308e+03  -1.9200000e+02
   3.3881895e+03   1.0200000e+02
   3.3882481e+03  -1.0300000e+02
   3.3883068e+03   8.7500000e+02
   3.3883654e+03   7.4800000e+02
   3.3884241e+03   3.2300000e+02
   3.3884827e+03   3.1000000e+01
   3.3885414e+03  -1.0600000e+02
   3.3886000e+03   4.4300000e+02
   3.3886587e+03  -2.3900000e+02
   3.3887173e+03   2.2700000e+02
   3.3887760e+03   4.4800000e+02
   3.3888346e+03   4.2700000e+02
   3.3888933e+03   3.9600000e+02
   3.3889519e+03  -1.1300000e+02
   3.3890106e+03   3.1400000e+02
   3.3890692e+03   1.1400000e+02
   3.3891279e+03   4.8400000e+02
   3.3891865e+03   3.4200000e+02
   3.3892452e+03  -6.2000000e+01
   3.3893039e+03   5.9000000e+02
   3.3893625e+03   5.9800000e+02
   3.3894212e+03   3.2100000e+02
   3.3894798e+03   1.1700000e+02
   3.3895385e+03  -1.0400000e+02
   3.3895971e+03   5.1000000e+02
   3.3896558e+03   2.7100000e+02
   3.3897144e+03   4.0200000e+02
   3.3897731e+03   2.2100000e+02
   3.3898317e+03   1.5000000e+01
   3.3898904e+03   1.2400000e+02
   3.3899490e+03   1.3600000e+02
   3.3900077e+03  -1.0200000e+02
   3.3900663e+03   7.0100000e+02
   3.3901250e+03   5.6900000e+02
   3.3901836e+03  -3.3000000e+01
   3.3902423e+03   6.9700000e+02
   3.3903009e+03   5.4300000e+02
   3.3903596e+03   4.9500000e+02
   3.3904182e+03   8.0900000e+02
   3.3904769e+03   7.3700000e+02
   3.3905355e+03   7.0700000e+02
   3.3905942e+03   7.3300000e+02
   3.3906528e+03   3.8500000e+02
   3.3907115e+03   5.6700000e+02
   3.3907701e+03   7.1100000e+02
   3.3908288e+03   4.5500000e+02
   3.3908874e+03   3.8800000e+02
   3.3909461e+03   7.1400000e+02
   3.3910047e+03   5.6900000e+02
   3.3910634e+03   7.1300000e+02
   3.3911220e+03   7.5400000e+02
   3.3911807e+03   1.0700000e+03
   3.3912393e+03   8.1300000e+02
   3.3912980e+03   1.2240000e+03
   3.3913566e+03   1.0320000e+03
   3.3914153e+03   1.2590000e+03
   3.3914739e+03   1.2210000e+03
   3.3915326e+03   8.9100000e+02
   3.3915912e+03   1.1290000e+03
   3.3916499e+03   1.4790000e+03
   3.3917085e+03   1.6940000e+03
   3.3917672e+03   1.4510000e+03
   3.3918258e+03   1.6660000e+03
   3.3918845e+03   2.2990000e+03
   3.3919431e+03   2.1350000e+03
   3.3920018e+03   2.1420000e+03
   3.3920604e+03   2.0530000e+03
   3.3921191e+03   2.4000000e+03
   3.3921778e+03   1.9570000e+03
   3.3922364e+03   2.3960000e+03
   3.3922951e+03   3.0090000e+03
   3.3923537e+03   3.1300000e+03
   3.3924124e+03   2.8650000e+03
   3.3924710e+03   3.0110000e+03
   3.3925297e+03   3.7130000e+03
   3.3925883e+03   3.8450000e+03
   3.3926470e+03   4.0830000e+03
   3.3927056e+03   4.7210000e+03
   3.3927643e+03   4.2020000e+03
   3.3928229e+03   4.6820000e+03
   3.3928816e+03   5.0800000e+03
   3.3929402e+03   5.4530000e+03
   3.3929989e+03   5.4980000e+03
   3.3930575e+03   5.7470000e+03
   3.3931162e+03   5.8830000e+03
   3.3931748e+03   6.0460000e+03
   3.3932335e+03   6.5170000e+03
   3.3932921e+03   6.3860000e+03
   3.3933508e+03   6.4210000e+03
   3.3934094e+03   6.5450000e+03
   3.3934681e+03   6.8340000e+03
   3.3935267e+03   7.0600000e+03
   3.3935854e+03   7.5850000e+03
   3.3936440e+03   7.5290000e+03
   3.3937027e+03   8.2910000e+03
   3.3937613e+03   8.2330000e+03
   3.3938200e+03   7.8350000e+03
   3.3938786e+03   8.2720000e+03
   3.3939373e+03   8.6650000e+03
   3.3939959e+03   8.5590000e+03
   3.3940546e+03   8.7440000e+03
   3.3941132e+03   8.8230000e+03
   3.3941719e+03   8.9950000e+03
   3.3942305e+03   8.4200000e+03
   3.3942892e+03   9.0630000e+03
   3.3943478e+03   8.6870000e+03
   3.3944065e+03   9.0220000e+03
   3.3944651e+03   8.9240000e+03
   3.3945238e+03   8.9800000e+03
   3.3945824e+03   9.0560000e+03
   3.3946411e+03   9.1260000e+03
   3.3946997e+03   8.9090000e+03
   3.3947584e+03   8.9670000e+03
   3.3948170e+03   8.7810000e+03
   3.3948757e+03   9.0980000e+03
   3.3949343e+03   8.4330000e+03
   3.3949930e+03   8.1280000e+03
   3.3950517e+03   8.3050000e+03
   3.3951103e+03   8.0360000e+03
   3.3951690e+03   7.7100000e+03
   3.3952276e+03   7.7240000e+03
   3.3952863e+03   7.4870000e+03
   3.3953449e+03   7.4490000e+03
   3.3954036e+03   7.5550000e+03
   3.3954622e+03   7.3420000e+03
   3.3955209e+03   6.8060000e+03
   3.3955795e+03   6.4010000e+03
   3.3956382e+03   6.4650000e+03
   3.3956968e+03   5.8110000e+03
   3.3957555e+03   5.5230000e+03
   3.3958141e+03   4.9840000e+03
   3.3958728e+03   4.8830000e+03
   3.3959314e+03   4.7220000e+03
   3.3959901e+03   4.3750000e+03
   3.3960487e+03   4.1730000e+03
   3.3961074e+03   4.2400000e+03
   3.3961660e+03   3.9110000e+03
   3.3962247e+03   3.7610000e+03
   3.3962833e+03   3.5260000e+03
   3.3963420e+03   3.0440000e+03
   3.3964006e+03   2.8870000e+03
   3.3964593e+03   3.0240000e+03
   3.3965179e+03   2.3550000e+03
   3.3965766e+03   2.2430000e+03
   3.3966352e+03   2.1920000e+03
   3.3966939e+03   2.6600000e+03
   3.3967525e+03   2.5340000e+03
   3.3968112e+03   3.0130000e+03
   3.3968698e+03   2.3510000e+03
   3.3969285e+03   2.4650000e+03
   3.3969871e+03   2.7600000e+03
   3.3970458e+03   2.6040000e+03
   3.3971044e+03   2.7060000e+03
   3.3971631e+03   2.7440000e+03
   3.3972217e+03   2.9740000e+03
   3.3972804e+03   3.2920000e+03
   3.3973390e+03   3.3980000e+03
   3.3973977e+03   3.8360000e+03
   3.3974563e+03   4.4900000e+03
   3.3975150e+03   4.7770000e+03
   3.3975736e+03   4.6550000e+03
   3.3976323e+03   5.2270000e+03
   3.3976909e+03   5.4240000e+03
   3.3977496e+03   5.4910000e+03
   3.3978082e+03   6.1970000e+03
   3.3978669e+03   5.8670000e+03
   3.3979256e+03   6.4260000e+03
   3.3979842e+03   6.9970000e+03
   3.3980429e+03   6.9980000e+03
   3.3981015e+03   7.4450000e+03
   3.3981602e+03   7.9780000e+03
   3.3982188e+03   7.8910000e+03
   3.3982775e+03   8.8020000e+03
   3.3983361e+03   8.9430000e+03
   3.3983948e+03   9.4060000e+03
   3.3984534e+03   9.5510000e+03
   3.3985121e+03   1.0158000e+04
   3.3985707e+03   9.8810000e+03
   3.3986294e+03   1.0249000e+04
   3.3986880e+03   1.0303000e+04
   3.3987467e+03   1.0899000e+04
   3.3988053e+03   1.0922000e+04
   3.3988640e+03   1.0831000e+04
   3.3989226e+03   1.0735000e+04
   3.3989813e+03   1.0829000e+04
   3.3990399e+03   1.0945000e+04
   3.3990986e+03   1.0907000e+04
   3.3991572e+03   1.0931000e+04
   3.3992159e+03   1.1051000e+04
   3.3992745e+03   1.0696000e+04
   3.3993332e+03   1.0880000e+04
   3.3993918e+03   1.1010000e+04
   3.3994505e+03   1.0427000e+04
   3.3995091e+03   1.0368000e+04
   3.3995678e+03   1.0079000e+04
   3.3996264e+03   9.5740000e+03
   3.3996851e+03   9.3620000e+03
   3.3997437e+03   8.9550000e+03
   3.3998024e+03   8.4060000e+03
   3.3998610e+03   8.3740000e+03
   3.3999197e+03   7.5490000e+03
   3.3999783e+03   7.4290000e+03
   3.4000370e+03   6.9800000e+03
   3.4000956e+03   6.4050000e+03
   3.4001543e+03   6.3890000e+03
   3.4002129e+03   5.8800000e+03
   3.4002716e+03   4.9790000e+03
   3.4003302e+03   4.1450000e+03
   3.4003889e+03   3.9080000e+03
   3.4004475e+03   3.5880000e+03
   3.4005062e+03   3.0760000e+03
   3.4005648e+03   2.9280000e+03
   3.4006235e+03   2.2040000e+03
   3.4006821e+03   2.1510000e+03
   3.4007408e+03   2.0790000e+03
   3.4007995e+03   1.1020000e+03
   3.4008581e+03   8.8800000e+02
   3.4009168e+03   8.8300000e+02
   3.4009754e+03   9.6500000e+02
   3.4010341e+03   7.5100000e+02
   3.4010927e+03   3.0500000e+02
   3.4011514e+03   4.6000000e+01
   3.4012100e+03  -5.5000000e+01
   3.4012687e+03  -4.6000000e+02
   3.4013273e+03   2.2400000e+02
   3.4013860e+03   2.8900000e+02
   3.4014446e+03   5.3900000e+02
   3.4015033e+03  -1.0200000e+02
   3.4015619e+03   6.7000000e+01
   3.4016206e+03   3.8800000e+02
   3.4016792e+03   9.6300000e+02
   3.4017379e+03   1.2980000e+03
   3.4017965e+03   1.0710000e+03
   3.4018552e+03   1.5590000e+03
   3.4019138e+03   2.2920000e+03
   3.4019725e+03   2.6780000e+03
   3.4020311e+03   3.2130000e+03
   3.4020898e+03   3.9560000e+03
   3.4021484e+03   4.5240000e+03
   3.4022071e+03   4.5470000e+03
   3.4022657e+03   5.3060000e+03
   3.4023244e+03   5.5130000e+03
   3.4023830e+03   6.5840000e+03
   3.4024417e+03   6.9900000e+03
   3.4025003e+03   7.3580000e+03
   3.4025590e+03   7.8570000e+03
   3.4026176e+03   8.6070000e+03
   3.4026763e+03   8.7640000e+03
   3.4027349e+03   9.2080000e+03
   3.4027936e+03   9.7110000e+03
   3.4028522e+03   1.0381000e+04
   3.4029109e+03   1.0604000e+04
   3.4029695e+03   1.1377000e+04
   3.4030282e+03   1.1689000e+04
   3.4030868e+03   1.2023000e+04
   3.4031455e+03   1.1683000e+04
   3.4032041e+03   1.2557000e+04
   3.4032628e+03   1.2845000e+04
   3.4033214e+03   1.2916000e+04
   3.4033801e+03   1.3194000e+04
   3.4034387e+03   1.2906000e+04
   3.4034974e+03   1.3283000e+04
   3.4035560e+03   1.2832000e+04
   3.4036147e+03   1.2388000e+04
   3.4036734e+03   1.2458000e+04
   3.4037320e+03   1.2113000e+04
   3.4037907e+03   1.1962000e+04
   3.4038493e+03   1.1356000e+04
   3.4039080e+03   1.0830000e+04
   3.4039666e+03   1.0503000e+04
   3.4040253e+03   1.0397000e+04
   3.4040839e+03   9.2070000e+03
   3.4041426e+03   8.8420000e+03
   3.4042012e+03   7.8200000e+03
   3.4042599e+03   7.3740000e+03
   3.4043185e+03   6.6850000e+03
   3.4043772e+03   6.3120000e+03
   3.4044358e+03   4.5710000e+03
   3.4044945e+03   4.2740000e+03
   3.4045531e+03   3.2010000e+03
   3.4046118e+03   2.5000000e+03
   3.4046704e+03   1.3030000e+03
   3.4047291e+03   3.9200000e+02
   3.4047877e+03  -3.2200000e+02
   3.4048464e+03  -1.3080000e+03
   3.4049050e+03  -1.7950000e+03
   3.4049637e+03  -3.1850000e+03
   3.4050223e+03  -4.1580000e+03
   3.4050810e+03  -4.7170000e+03
   3.4051396e+03  -6.0020000e+03
   3.4051983e+03  -6.2440000e+03
   3.4052569e+03  -7.2410000e+03
   3.4053156e+03  -8.0930000e+03
   3.4053742e+03  -8.8060000e+03
   3.4054329e+03  -9.2090000e+03
   3.4054915e+03  -1.0147000e+04
   3.4055502e+03  -1.0516000e+04
   3.4056088e+03  -1.0947000e+04
   3.4056675e+03  -1.1582000e+04
   3.4057261e+03  -1.1712000e+04
   3.4057848e+03  -1.2286000e+04
   3.4058434e+03  -1.2523000e+04
   3.4059021e+03  -1.2801000e+04
   3.4059607e+03  -1.2361000e+04
   3.4060194e+03  -1.2807000e+04
   3.4060780e+03  -1.3191000e+04
   3.4061367e+03  -1.2680000e+04
   3.4061953e+03  -1.2598000e+04
   3.4062540e+03  -1.2205000e+04
   3.4063126e+03  -1.2470000e+04
   3.4063713e+03  -1.2256000e+04
   3.4064300e+03  -1.1971000e+04
   3.4064886e+03  -1.1521000e+04
   3.4065473e+03  -1.1338000e+04
   3.4066059e+03  -1.0941000e+04
   3.4066646e+03  -1.0447000e+04
   3.4067232e+03  -1.0264000e+04
   3.4067819e+03  -9.8630000e+03
   3.4068405e+03  -9.0360000e+03
   3.4068992e+03  -9.1050000e+03
   3.4069578e+03  -8.1890000e+03
   3.4070165e+03  -7.3130000e+03
   3.4070751e+03  -6.8490000e+03
   3.4071338e+03  -6.1130000e+03
   3.4071924e+03  -5.6170000e+03
   3.4072511e+03  -5.5180000e+03
   3.4073097e+03  -4.9150000e+03
   3.4073684e+03  -4.3990000e+03
   3.4074270e+03  -4.1320000e+03
   3.4074857e+03  -3.2190000e+03
   3.4075443e+03  -3.1490000e+03
   3.4076030e+03  -2.2300000e+03
   3.4076616e+03  -1.7830000e+03
   3.4077203e+03  -1.8280000e+03
   3.4077789e+03  -1.2290000e+03
   3.4078376e+03  -8.2000000e+02
   3.4078962e+03  -5.1600000e+02
   3.4079549e+03  -6.1900000e+02
   3.4080135e+03  -5.7400000e+02
   3.4080722e+03  -1.1300000e+02
   3.4081308e+03  -7.0000000e+00
   3.4081895e+03   3.9500000e+02
   3.4082481e+03  -5.5100000e+02
   3.4083068e+03  -1.1400000e+02
   3.4083654e+03  -1.3900000e+02
   3.4084241e+03  -1.5200000e+02
   3.4084827e+03  -2.8500000e+02
   3.4085414e+03  -2.2900000e+02
   3.4086000e+03  -6.9200000e+02
   3.4086587e+03  -1.0960000e+03
   3.4087173e+03  -1.5230000e+03
   3.4087760e+03  -2.0110000e+03
   3.4088346e+03  -2.0220000e+03
   3.4088933e+03  -2.3230000e+03
   3.4089519e+03  -2.9520000e+03
   3.4090106e+03  -3.2280000e+03
   3.4090692e+03  -3.4510000e+03
   3.4091279e+03  -4.5240000e+03
   3.4091865e+03  -4.8900000e+03
   3.4092452e+03  -4.9500000e+03
   3.4093039e+03  -5.7070000e+03
   3.4093625e+03  -6.0530000e+03
   3.4094212e+03  -6.6430000e+03
   3.4094798e+03  -6.9250000e+03
   3.4095385e+03  -7.4180000e+03
   3.4095971e+03  -7.5910000e+03
   3.4096558e+03  -7.9140000e+03
   3.4097144e+03  -9.0770000e+03
   3.4097731e+03  -9.3610000e+03
   3.4098317e+03  -9.3420000e+03
   3.4098904e+03  -1.0171000e+04
   3.4099490e+03  -1.0236000e+04
   3.4100077e+03  -1.0091000e+04
   3.4100663e+03  -1.0743000e+04
   3.4101250e+03  -1.0808000e+04
   3.4101836e+03  -1.1053000e+04
   3.4102423e+03  -1.1200000e+04
   3.4103009e+03  -1.1135000e+04
   3.4103596e+03  -1.1065000e+04
   3.4104182e+03  -1.1001000e+04
   3.4104769e+03  -1.1095000e+04
   3.4105355e+03  -1.1319000e+04
   3.4105942e+03  -1.0942000e+04
   3.4106528e+03  -1.0623000e+04
   3.4107115e+03  -1.0633000e+04
   3.4107701e+03  -1.0403000e+04
   3.4108288e+03  -1.0259000e+04
   3.4108874e+03  -1.0027000e+04
   3.4109461e+03  -9.9580000e+03
   3.4110047e+03  -9.7980000e+03
   3.4110634e+03  -9.6750000e+03
   3.4111220e+03  -9.1370000e+03
   3.4111807e+03  -9.1850000e+03
   3.4112393e+03  -9.0420000e+03
   3.4112980e+03  -8.5050000e+03
   3.4113566e+03  -8.1950000e+03
   3.4114153e+03  -7.6170000e+03
   3.4114739e+03  -7.4840000e+03
   3.4115326e+03  -6.9370000e+03
   3.4115912e+03  -6.2550000e+03
   3.4116499e+03  -6.4970000e+03
   3.4117085e+03  -5.6460000e+03
   3.4117672e+03  -5.4780000e+03
   3.4118258e+03  -5.5680000e+03
   3.4118845e+03  -5.5410000e+03
   3.4119431e+03  -4.5970000e+03
   3.4120018e+03  -4.0640000e+03
   3.4120604e+03  -4.3710000e+03
   3.4121191e+03  -3.8070000e+03
   3.4121778e+03  -3.8570000e+03
   3.4122364e+03  -3.5210000e+03
   3.4122951e+03  -3.1340000e+03
   3.4123537e+03  -2.7550000e+03
   3.4124124e+03  -2.8370000e+03
   3.4124710e+03  -2.6330000e+03
   3.4125297e+03  -2.7530000e+03
   3.4125883e+03  -2.8880000e+03
   3.4126470e+03  -2.6610000e+03
   3.4127056e+03  -2.7640000e+03
   3.4127643e+03  -2.6390000e+03
   3.4128229e+03  -2.8690000e+03
   3.4128816e+03  -2.6860000e+03
   3.4129402e+03  -2.5610000e+03
   3.4129989e+03  -3.0050000e+03
   3.4130575e+03  -3.0750000e+03
   3.4131162e+03  -2.6000000e+03
   3.4131748e+03  -2.9910000e+03
   3.4132335e+03  -3.4070000e+03
   3.4132921e+03  -3.7230000e+03
   3.4133508e+03  -3.9820000e+03
   3.4134094e+03  -4.1370000e+03
   3.4134681e+03  -4.0990000e+03
   3.4135267e+03  -4.2570000e+03
   3.4135854e+03  -5.1620000e+03
   3.4136440e+03  -5.2690000e+03
   3.4137027e+03  -5.6650000e+03
   3.4137613e+03  -4.9850000e+03
   3.4138200e+03  -5.9690000e+03
   3.4138786e+03  -5.9800000e+03
   3.4139373e+03  -6.2800000e+03
   3.4139959e+03  -6.9710000e+03
   3.4140546e+03  -6.8680000e+03
   3.4141132e+03  -6.7940000e+03
   3.4141719e+03  -7.3840000e+03
   3.4142305e+03  -7.2910000e+03
   3.4142892e+03  -7.4840000e+03
   3.4143478e+03  -7.6910000e+03
   3.4144065e+03  -8.1260000e+03
   3.4144651e+03  -8.3970000e+03
   3.4145238e+03  -8.4770000e+03
   3.4145824e+03  -8.9510000e+03
   3.4146411e+03  -8.7010000e+03
   3.4146997e+03  -8.8560000e+03
   3.4147584e+03  -8.5730000e+03
   3.4148170e+03  -8.7050000e+03
   3.4148757e+03  -9.0840000e+03
   3.4149343e+03  -9.2030000e+03
   3.4149930e+03  -9.0270000e+03
   3.4150517e+03  -9.1730000e+03
   3.4151103e+03  -9.3610000e+03
   3.4151690e+03  -9.5480000e+03
   3.4152276e+03  -9.4190000e+03
   3.4152863e+03  -9.3140000e+03
   3.4153449e+03  -8.6810000e+03
   3.4154036e+03  -8.7490000e+03
   3.4154622e+03  -8.2580000e+03
   3.4155209e+03  -8.0630000e+03
   3.4155795e+03  -8.3700000e+03
   3.4156382e+03  -8.6120000e+03
   3.4156968e+03  -8.3510000e+03
   3.4157555e+03  -8.0270000e+03
   3.4158141e+03  -7.5870000e+03
   3.4158728e+03  -8.0730000e+03
   3.4159314e+03  -7.3900000e+03
   3.4159901e+03  -6.8310000e+03
   3.4160487e+03  -6.9140000e+03
   3.4161074e+03  -6.4580000e+03
   3.4161660e+03  -6.9240000e+03
   3.4162247e+03  -6.3900000e+03
   3.4162833e+03  -6.3720000e+03
   3.4163420e+03  -6.0210000e+03
   3.4164006e+03  -5.5350000e+03
   3.4164593e+03  -5.4730000e+03
   3.4165179e+03  -4.8330000e+03
   3.4165766e+03  -4.9620000e+03
   3.4166352e+03  -4.7800000e+03
   3.4166939e+03  -4.7050000e+03
   3.4167525e+03  -4.4320000e+03
   3.4168112e+03  -3.8770000e+03
   3.4168698e+03  -3.7100000e+03
   3.4169285e+03  -3.7410000e+03
   3.4169871e+03  -3.7990000e+03
   3.4170458e+03  -2.9460000e+03
   3.4171044e+03  -2.6550000e+03
   3.4171631e+03  -2.9940000e+03
   3.4172217e+03  -3.1970000e+03
   3.4172804e+03  -2.7060000e+03
   3.4173390e+03  -2.7240000e+03
   3.4173977e+03  -2.4240000e+03
   3.4174563e+03  -1.8000000e+03
   3.4175150e+03  -1.7990000e+03
   3.4175736e+03  -1.4980000e+03
   3.4176323e+03  -1.3330000e+03
   3.4176909e+03  -1.4150000e+03
   3.4177496e+03  -2.1690000e+03
   3.4178082e+03  -1.8110000e+03
   3.4178669e+03  -1.6830000e+03
   3.4179256e+03  -1.7120000e+03
   3.4179842e+03  -1.2120000e+03
   3.4180429e+03  -1.2300000e+03
   3.4181015e+03  -7.5600000e+02
   3.4181602e+03  -8.4800000e+02
   3.4182188e+03  -5.8200000e+02
   3.4182775e+03  -1.0460000e+03
   3.4183361e+03  -8.8300000e+02
   3.4183948e+03  -6.7900000e+02
   3.4184534e+03  -5.1300000e+02
   3.4185121e+03  -7.1300000e+02
   3.4185707e+03  -4.1700000e+02
   3.4186294e+03  -3.5000000e+02
   3.4186880e+03  -5.2400000e+02
   3.4187467e+03  -8.6000000e+01
   3.4188053e+03  -5.7900000e+02
   3.4188640e+03  -2.4600000e+02
   3.4189226e+03  -9.5000000e+01
   3.4189813e+03  -5.8900000e+02
   3.4190399e+03  -8.6600000e+02
   3.4190986e+03  -7.7800000e+02
   3.4191572e+03  -7.4900000e+02
   3.4192159e+03  -5.6500000e+02
   3.4192745e+03  -3.9700000e+02
   3.4193332e+03  -7.0900000e+02
   3.4193918e+03  -9.8000000e+01
   3.4194505e+03  -3.0800000e+02
   3.4195091e+03  -3.4400000e+02
   3.4195678e+03  -2.3600000e+02
   3.4196264e+03   8.2000000e+01
   3.4196851e+03  -5.9800000e+02
   3.4197437e+03  -5.1900000e+02
   3.4198024e+03  -3.4200000e+02
   3.4198610e+03  -4.5000000e+02
   3.4199197e+03  -9.6000000e+01
   3.4199783e+03  -7.5000000e+01
   3.4200370e+03  -1.3800000e+02
   3.4200956e+03  -1.5000000e+01
   3.4201543e+03   1.9900000e+02
   3.4202129e+03  -4.4100000e+02
   3.4202716e+03  -4.5300000e+02
   3.4203302e+03  -5.9300000e+02
   3.4203889e+03  -2.5800000e+02
   3.4204475e+03  -4.3200000e+02
   3.4205062e+03  -2.3900000e+02
   3.4205648e+03  -2.5300000e+02
   3.4206235e+03  -1.7000000e+02
   3.4206821e+03  -1.1300000e+02
   3.4207408e+03  -8.3000000e+01
   3.4207995e+03   1.2000000e+01
   3.4208581e+03  -3.2200000e+02
   3.4209168e+03  -3.9400000e+02
   3.4209754e+03  -4.5000000e+01
   3.4210341e+03   5.0900000e+02
   3.4210927e+03  -3.2400000e+02
   3.4211514e+03  -4.5800000e+02
   3.4212100e+03   5.3000000e+01
   3.4212687e+03  -3.7500000e+02
   3.4213273e+03  -7.0000000e+01
   3.4213860e+03  -9.0000000e+01
   3.4214446e+03  -1.2000000e+01
   3.4215033e+03  -5.0900000e+02
   3.4215619e+03  -1.0600000e+02
   3.4216206e+03  -1.6700000e+02
   3.4216792e+03  -8.6000000e+01
   3.4217379e+03  -4.1700000e+02
   3.4217965e+03   1.0300000e+02
   3.4218552e+03   1.8000000e+01
   3.4219138e+03   8.2000000e+01
   3.4219725e+03  -3.2700000e+02
   3.4220311e+03  -4.0700000e+02
   3.4220898e+03  -3.9000000e+01
   3.4221484e+03  -1.0300000e+02
   3.4222071e+03  -8.1000000e+01
   3.4222657e+03  -5.4300000e+02
   3.4223244e+03  -2.2600000e+02
   3.4223830e+03  -1.0100000e+02
   3.4224417e+03  -1.1100000e+02
   3.4225003e+03  -1.4400000e+02
   3.4225590e+03  -1.9700000e+02
   3.4226176e+03   1.7400000e+02
   3.4226763e+03   2.8800000e+02
   3.4227349e+03   7.8000000e+01
   3.4227936e+03  -2.4500000e+02
   3.4228522e+03  -5.1500000e+02
   3.4229109e+03   1.4000000e+01
   3.4229695e+03  -3.0100000e+02
   3.4230282e+03   8.4000000e+01
   3.4230868e+03  -5.4000000e+01
   3.4231455e+03  -2.6400000e+02
   3.4232041e+03  -1.0700000e+02
   3.4232628e+03  -1.0000000e+01
   3.4233214e+03  -4.1900000e+02
   3.4233801e+03   2.2000000e+01
   3.4234387e+03  -4.5000000e+01
   3.4234974e+03  -1.5100000e+02
   3.4235560e+03   3.9000000e+01
   3.4236147e+03  -5.0000000e+00
   3.4236734e+03  -2.3800000e+02
   3.4237320e+03  -1.0600000e+02
   3.4237907e+03  -2.9000000e+01
   3.4238493e+03  -8.2000000e+01
   3.4239080e+03  -2.1400000e+02
   3.4239666e+03  -4.8300000e+02
   3.4240253e+03  -2.3800000e+02
   3.4240839e+03  -4.3600000e+02
   3.4241426e+03  -1.8900000e+02
   3.4242012e+03  -4.5300000e+02
   3.4242599e+03  -3.2400000e+02
   3.4243185e+03  -1.3800000e+02
   3.4243772e+03  -4.2300000e+02
   3.4244358e+03  -6.3000000e+01
   3.4244945e+03   4.6000000e+01
   3.4245531e+03  -4.2000000e+01
   3.4246118e+03  -1.1200000e+02
   3.4246704e+03  -4.4600000e+02
   3.4247291e+03  -2.0700000e+02
   3.4247877e+03   6.8000000e+01
   3.4248464e+03   2.8300000e+02
   3.4249050e+03  -2.6000000e+01
   3.4249637e+03  -2.5100000e+02
   3.4250223e+03   1.2000000e+01
   3.4250810e+03  -1.3200000e+02
   3.4251396e+03  -5.9000000e+01
   3.4251983e+03   3.7000000e+01
   3.4252569e+03  -2.9400000e+02
   3.4253156e+03  -5.1200000e+02
   3.4253742e+03  -2.9200000e+02
   3.4254329e+03  -1.4100000e+02
   3.4254915e+03  -3.7500000e+02
   3.4255502e+03  -3.4700000e+02
   3.4256088e+03   1.8000000e+01
   3.4256675e+03   1.7000000e+01
   3.4257261e+03  -2.9600000e+02
   3.4257848e+03  -5.5000000e+01
   3.4258434e+03  -2.0800000e+02
   3.4259021e+03  -2.6700000e+02
   3.4259607e+03   2.5100000e+02
   3.4260194e+03  -5.2600000e+02
   3.4260780e+03  -1.9000000e+02
   3.4261367e+03  -7.6000000e+01
   3.4261953e+03  -6.3000000e+01
   3.4262540e+03   1.9600000e+02
   3.4263126e+03  -8.5000000e+01
   3.4263713e+03   1.1500000e+02
   3.4264300e+03   1.0400000e+02
   3.4264886e+03  -1.1100000e+02
   3.4265473e+03   2.9400000e+02
   3.4266059e+03   1.6000000e+02
   3.4266646e+03  -6.0900000e+02
   3.4267232e+03  -4.8900000e+02
   3.4267819e+03  -1.4500000e+02
   3.4268405e+03  -1.0400000e+02
   3.4268992e+03  -2.2300000e+02
   3.4269578e+03  -2.4200000e+02
   3.4270165e+03  -1.3600000e+02
   3.4270751e+03   2.6200000e+02
   3.4271338e+03  -2.8600000e+02
   3.4271924e+03  -3.1700000e+02
   3.4272511e+03  -2.8300000e+02
   3.4273097e+03   2.6000000e+02
   3.4273684e+03   4.7000000e+01
   3.4274270e+03  -5.8200000e+02
   3.4274857e+03  -3.0000000e+01
   3.4275443e+03   5.0200000e+02
   3.4276030e+03   2.2000000e+01
   3.4276616e+03   3.7300000e+02
   3.4277203e+03   2.5200000e+02
   3.4277789e+03   2.2000000e+01
   3.4278376e+03  -2.0600000e+02
   3.4278962e+03  -3.9000000e+01
   3.4279549e+03  -3.4400000e+02
   3.4280135e+03  -2.3100000e+02
   3.4280722e+03   4.1100000e+02
   3.4281308e+03  -1.4000000e+01
   3.4281895e+03  -1.4600000e+02
   3.4282481e+03  -2.0100000e+02
   3.4283068e+03  -1.5000000e+01
   3.4283654e+03  -1.6700000e+02
   3.4284241e+03  -7.3000000e+01
   3.4284827e+03  -4.2000000e+01
   3.4285414e+03  -2.1200000e+02
   3.4286000e+03   1.2500000e+02
   3.4286587e+03  -8.5000000e+01
   3.4287173e+03  -3.4300000e+02
   3.4287760e+03  -5.7000000e+01
   3.4288346e+03   7.4500000e+02
   3.4288933e+03   1.2100000e+02
   3.4289519e+03  -2.5200000e+02
   3.4290106e+03  -7.1200000e+02
   3.4290692e+03  -6.7500000e+02
   3.4291279e+03   3.1100000e+02
   3.4291865e+03   1.1100000e+02
   3.4292452e+03   1.5000000e+01
   3.4293039e+03  -9.7000000e+01
   3.4293625e+03  -1.5900000e+02
   3.4294212e+03  -4.4700000e+02
   3.4294798e+03  -2.9700000e+02
   3.4295385e+03   1.7000000e+02
   3.4295971e+03  -1.9400000e+02
   3.4296558e+03   4.5000000e+01
   3.4297144e+03  -1.5000000e+02
   3.4297731e+03  -1.3600000e+02
   3.4298317e+03  -1.4800000e+02
   3.4298904e+03  -1.9100000e+02
   3.4299490e+03  -3.6800000e+02
   3.4300077e+03  -1.6100000e+02
   3.4300663e+03   3.8000000e+01
   3.4301250e+03  -1.1300000e+02
   3.4301836e+03   3.5000000e+01
   3.4302423e+03  -4.4000000e+01
   3.4303009e+03  -2.1100000e+02
   3.4303596e+03  -5.7000000e+01
   3.4304182e+03   1.4800000e+02
   3.4304769e+03  -5.7000000e+01
   3.4305355e+03  -2.0200000e+02
   3.4305942e+03   9.0000000e+01
   3.4306528e+03  -7.2500000e+02
   3.4307115e+03  -1.2600000e+02
   3.4307701e+03  -7.8000000e+01
   3.4308288e+03   4.6400000e+02
   3.4308874e+03   1.1800000e+02
   3.4309461e+03  -9.7000000e+01
   3.4310047e+03  -2.5500000e+02
   3.4310634e+03  -1.1000000e+01
   3.4311220e+03   2.6300000e+02
   3.4311807e+03   4.1600000e+02
   3.4312393e+03   2.8500000e+02
   3.4312980e+03  -3.3300000e+02
   3.4313566e+03   1.4500000e+02
   3.4314153e+03   2.3600000e+02
   3.4314739e+03   4.3000000e+02
   3.4315326e+03   2.2500000e+02
   3.4315912e+03  -4.2000000e+02
   3.4316499e+03   2.3000000e+02
   3.4317085e+03   9.9000000e+01
   3.4317672e+03   1.3200000e+02
   3.4318258e+03  -3.7200000e+02
   3.4318845e+03  -2.2600000e+02
   3.4319431e+03   1.3800000e+02
   3.4320018e+03  -2.0000000e+00
   3.4320604e+03  -8.9000000e+01
   3.4321191e+03   3.3500000e+02
   3.4321778e+03   6.1000000e+01
   3.4322364e+03  -3.0000000e+00
   3.4322951e+03   4.0000000e+01
   3.4323537e+03  -1.0700000e+02
   3.4324124e+03  -6.1000000e+01
   3.4324710e+03  -6.0000000e+00
   3.4325297e+03   1.9300000e+02
   3.4325883e+03  -2.2400000e+02
   3.4326470e+03  -3.1000000e+02
   3.4327056e+03  -5.2200000e+02
   3.4327643e+03  -3.5900000e+02
   3.4328229e+03   3.3600000e+02
   3.4328816e+03  -2.2800000e+02
   3.4329402e+03  -6.0200000e+02
   3.4329989e+03  -1.4200000e+02
   3.4330575e+03   1.3400000e+02
   3.4331162e+03   3.7600000e+02
   3.4331748e+03  -1.6900000e+02
   3.4332335e+03  -4.4500000e+02
   3.4332921e+03  -9.1000000e+01
   3.4333508e+03  -1.0000000e+00
   3.4334094e+03   2.8000000e+01
   3.4334681e+03  -3.1600000e+02
   3.4335267e+03  -6.8000000e+01
   3.4335854e+03   3.4200000e+02
   3.4336440e+03   1.1400000e+02
   3.4337027e+03  -4.6100000e+02
   3.4337613e+03  -5.5000000e+01
   3.4338200e+03   7.2000000e+01
   3.4338786e+03  -4.7000000e+01
   3.4339373e+03  -2.6000000e+01
   3.4339959e+03  -2.7900000e+02
   3.4340546e+03  -5.2300000e+02
   3.4341132e+03  -3.6400000e+02
   3.4341719e+03  -3.2700000e+02
   3.4342305e+03  -4.6000000e+01
   3.4342892e+03  -3.2000000e+01
   3.4343478e+03  -4.7000000e+01
   3.4344065e+03   8.3000000e+01
   3.4344651e+03  -6.5000000e+01
   3.4345238e+03  -2.2000000e+01
   3.4345824e+03   3.5800000e+02
   3.4346411e+03   4.6000000e+01
   3.4346997e+03   3.1900000e+02
   3.4347584e+03  -2.0300000e+02
   3.4348170e+03  -2.0600000e+02
   3.4348757e+03  -2.3400000e+02
   3.4349343e+03  -5.7600000e+02
   3.4349930e+03  -8.5000000e+01
